0 [16, [0, 6, 7, 8, 12, 14]]
1 [16, [1, 2, 3, 7, 8, 12]]
2 [16, [0, 6, 7, 8, 12, 14]]
3 [16, [1, 2, 6, 9, 13, 15]]
4 [16, [0, 1, 4, 6, 7, 8, 10, 12, 14]]
5 [16, [4, 7, 15]]
6 [16, [0, 1, 4, 6, 8, 10, 12, 14]]
7 [16, [1, 2, 3, 5, 14, 15]]
8 [16, [0, 3, 4, 6, 8, 10, 12, 14]]
9 [16, [3, 6, 9, 13]]
10 [16, [0, 3, 4, 6, 8, 10, 12, 14]]
11 [32, [0, 2, 5, 10, 11, 14, 15, 16, 17, 19, 21, 22, 24, 26, 31]]
12 [32, [5, 8, 11, 12, 14, 15, 16, 18, 20, 22, 23, 29, 30]]
13 [32, [5, 10, 12, 14, 16, 17, 20, 23, 26, 31]]
14 [32, [5, 6, 8, 11, 12, 14, 16, 18, 20, 22, 23, 30]]
15 [32, [0, 1, 2, 5, 7, 10, 15, 16, 17, 19, 20, 23, 27, 28]]
16 [32, [5, 6, 8, 11, 12, 14, 15, 16, 18, 20, 22, 23, 29, 30]]
17 [32, [0, 2, 4, 5, 6, 12, 15, 17, 19, 20, 24, 27, 28, 29, 30, 31]]
18 [32, [5, 6, 8, 10, 11, 12, 13, 14, 15, 16, 18, 20, 22, 23, 29, 30]]
19 [32, [0, 4, 6, 8, 9, 11, 12, 14, 15, 17, 24, 26, 28, 29, 30, 31]]
20 [32, [5, 6, 10, 11, 12, 14, 16, 18, 20, 29, 30, 31]]
21 [64, [1, 8, 9, 12, 15, 16, 17, 18, 21, 28, 35, 36, 38, 43, 47, 48, 50, 51, 53, 56, 60, 61, 62, 63]]
22 [64, [0, 4, 9, 14, 18, 21, 22, 26, 30, 32, 34, 36, 40, 41, 44, 45, 46, 47, 49, 54, 56, 58, 59]]
23 [64, [0, 2, 3, 10, 16, 21, 23, 25, 27, 28, 39, 40, 45, 48, 49, 52, 53, 54, 56, 58, 61]]
24 [64, [1, 4, 6, 9, 14, 18, 20, 21, 22, 23, 26, 32, 34, 41, 45, 49, 54, 56, 58, 59]]
25 [64, [1, 2, 3, 4, 6, 7, 9, 10, 15, 18, 27, 29, 31, 34, 39, 40, 45, 48, 49, 52, 53, 54, 55, 61, 62, 63]]
26 [64, [1, 4, 6, 9, 10, 14, 15, 21, 22, 26, 32, 34, 36, 41, 45, 47, 49, 54, 56, 58, 59, 63]]
27 [64, [3, 4, 7, 13, 14, 20, 23, 25, 31, 33, 35, 36, 38, 44, 46, 48, 50, 57, 58, 60, 61, 63]]
28 [64, [1, 4, 6, 9, 14, 21, 22, 26, 32, 34, 37, 41, 45, 47, 49, 54, 56, 57, 58, 59]]
29 [64, [0, 1, 18, 27, 31, 33, 44, 46, 52, 53, 54, 55, 56, 62]]