0 [16, [0, 6, 7, 12, 14]]
1 [16, [1, 2, 3, 7, 8, 12]]
2 [16, [0, 6, 7, 12, 14]]
3 [16, [1, 2, 6, 9, 13, 15]]
4 [16, [0, 1, 3, 4, 6, 10, 12, 14]]
5 [16, [4, 7, 15]]
6 [16, [0, 1, 3, 4, 6, 10, 12, 14]]
7 [16, [1, 2, 3, 5, 14, 15]]
8 [16, [0, 3, 4, 6, 10, 12, 14]]
9 [16, [1, 3, 6, 9, 13]]
10 [16, [0, 3, 4, 6, 10, 12, 14]]
11 [32, [0, 2, 4, 10, 11, 12, 14, 15, 16, 17, 19, 21, 24, 26, 31]]
12 [32, [2, 4, 5, 8, 11, 12, 14, 16, 18, 19, 20, 22, 30]]
13 [32, [5, 8, 10, 12, 14, 15, 17, 19, 20, 23, 25, 26, 29, 31]]
14 [32, [2, 4, 8, 11, 12, 14, 18, 19, 20, 22, 30]]
15 [32, [0, 1, 2, 5, 10, 14, 15, 16, 17, 19, 20, 23, 27]]
16 [32, [2, 4, 8, 10, 11, 12, 14, 18, 19, 20, 22, 30]]
17 [32, [0, 6, 9, 12, 15, 17, 19, 20, 22, 24, 27, 28, 29, 31]]
18 [32, [2, 4, 8, 10, 11, 12, 14, 18, 19, 20, 22, 29, 30]]
19 [32, [0, 4, 6, 8, 9, 11, 12, 15, 17, 19, 23, 24, 26, 28, 29, 30, 31]]
20 [32, [2, 4, 5, 10, 11, 12, 14, 18, 19, 22, 29, 30, 31]]
21 [64, [0, 2, 8, 12, 13, 16, 17, 18, 21, 26, 28, 29, 36, 37, 38, 42, 47, 48, 49, 50, 51, 52, 53, 55, 56, 61, 62, 63]]
22 [64, [4, 9, 12, 13, 18, 19, 20, 26, 30, 34, 35, 40, 44, 45, 46, 47, 49, 59, 60, 61]]
23 [64, [0, 2, 3, 5, 7, 10, 12, 16, 19, 22, 25, 26, 28, 29, 30, 32, 33, 36, 38, 40, 48, 49, 50, 52, 53, 54, 61, 63]]
24 [64, [9, 13, 18, 19, 20, 26, 30, 32, 34, 35, 40, 45, 46, 47, 49, 54, 59, 60, 61]]
25 [64, [2, 5, 10, 13, 17, 20, 22, 24, 27, 31, 33, 41, 42, 43, 44, 46, 47, 48, 49, 51, 52, 53, 54, 55, 56, 58, 59, 61]]
26 [64, [2, 9, 12, 13, 18, 19, 20, 26, 30, 34, 35, 40, 46, 47, 51, 54, 59, 60, 61, 62, 63]]
27 [64, [3, 7, 9, 16, 20, 24, 25, 29, 30, 31, 34, 39, 44, 48, 57, 58, 60, 61]]
28 [64, [9, 12, 18, 26, 30, 32, 34, 35, 45, 46, 47, 57, 59, 60, 61]]
29 [64, [4, 19, 20, 27, 28, 36, 38, 40, 46, 50, 53]]